{
 "cells": [
  {
   "cell_type": "code",
   "execution_count": 635,
   "id": "00ad004f",
   "metadata": {},
   "outputs": [],
   "source": [
    "from IPython.display import Image"
   ]
  },
  {
   "cell_type": "markdown",
   "id": "bf6d9380",
   "metadata": {},
   "source": [
    "__<h1 align=\"center\">LIVRABLE - CesiCDP</h1>__"
   ]
  },
  {
   "cell_type": "markdown",
   "id": "e5c5d2d0",
   "metadata": {},
   "source": [
    "# PARTIE 1 : MODELISATION\n",
    "\n",
    "## <u>1. INTRODUCTION</u>\n",
    "\n",
    "### <u>Sujet du projet</u>\n",
    "\n",
    "<table>\n",
    "  <tr>\n",
    "    <td width=\"40%\">\n",
    "      <img src=\"https://github.com/user-attachments/assets/c4b4d22e-8b48-47c1-81a0-a538b690cea0\" alt=\"image_projet\" width=\"100%\">\n",
    "    </td>\n",
    "    <td width=\"60%\">\n",
    "Depuis les années 90, il y a eu une véritable prise de conscience mondiale de la nécessité de réduire la consommation d'énergie et des émissions de gaz à effet de serre. Les premiers engagements sont apparus lors de la signature du protocole de Kyoto en 1997. Mais son entrée en vigueur n'a finalement eu lieu qu'en 2005 et de nombreux scientifiques ont jugé les efforts insuffisants pour ralentir le réchauffement climatique. Depuis, d'autres engagements plus ambitieux ont vu le jour (division par 4 des émissions d'ici 2050 pour la France par exemple, engagements de certaines grandes villes comme Paris). Mais la tâche est compliquée. Les pouvoirs publics et les collectivités territoriales n'ont pas la possibilité d'obliger les entreprises et les particuliers à changer leurs habitudes pour atteindre ces objectifs. L'action se porte donc avant tout à faire évoluer les comportements. L'économie et le recyclage des matières premières, l'amélioration des modes de transports et des performances énergétiques des bâtiments doivent devenir des priorités.\n",
    "\n",
    "L’ADEME (Agence de l’Environnement et de la Maîtrise de l’Energie) a récemment lancé un appel à manifestation d’intérêt pour promouvoir la réalisation de démonstrateurs et d’expérimentations de nouvelles solutions de mobilité pour les personnes et les marchandises adaptées à différents types de territoires.\n",
    "\n",
    "Votre structure CesiCDP est déjà bien implantée dans le domaine. Aidé de nombreux partenaires, vous avez réalisé plusieurs études sur le thème de la Mobilité Multimodale Intelligente. Les nouvelles technologies de transport, plus économiques et moins polluantes ne sont pas sans poser de nouveaux défis notamment d’un point de vue de l’optimisation de la gestion des ressources. Mais ces problèmes de logistique du transport présentent un enjeu majeur pour l’avenir : ses applications sont nombreuses (distribution du courrier, livraison de produits, traitement du réseau routier, ramassage des ordures) et leur impact sur l’environnement peut être véritablement significatif.\n",
    "\n",
    "Vous faites partie de l’équipe mise en place par CesiCDP pour répondre à l’appel de l’ADEME. L’enjeu est d’obtenir de nouveaux marchés avec des financements très intéressants pour continuer à développer votre activité.\n",
    "\n",
    "L'objectif est de limiter les déplacements et la consommation des véhicules lors de livraisons : le problème algorithmique consiste à calculer sur un réseau routier une tournée permettant de relier entre elles un sous-ensemble de villes, puis de revenir à son point de départ, de manière à minimiser la durée totale de la tournée.\n",
    "    </td>\n",
    "  </tr>\n",
    "</table>\n",
    "\n",
    "\n",
    "### <u>Reformulation de la demande</u>\n",
    "\n",
    "L’ADEME a lancé un appel à manifestation d’intérêt visant à promouvoir des solutions innovantes et écoresponsables dans le domaine de la mobilité, aussi bien pour les personnes que pour les marchandises. Dans ce cadre, la structure CesiCDP, experte en mobilité intelligente, est missionnée pour proposer un démonstrateur capable de répondre à ces enjeux environnementaux.\n",
    "\n",
    "Le projet porte sur l’optimisation des tournées de transport avec un double objectif : limiter les distances parcourues et réduire la consommation énergétique des véhicules. Il s’agit d’étudier un problème algorithmique complexe, inspiré du problème du voyageur de commerce (TSP), en y intégrant des contraintes réalistes que l'on détaillera par la suite.\n",
    "\n",
    "On pourrait alors se demander comment optimiser les tournées de transport en réduisant à la fois la consommation énergétique et les distances parcourues, tout en prenant en compte des contraintes supplémentaires comme les fenêtres temporelles et les restrictions sur certaines arêtes ?\n",
    "\n",
    "</br>\n",
    "\n",
    "---\n",
    "\n",
    "### <u>Enjeux</u>\n",
    "\n",
    "Les enjeux du projet sont multiples, tant sur le plan environnemental qu'opérationnel :\n",
    "\n",
    "- __Réduction des émissions de gaz à effet de serre__ : en optimisant les trajets et en évitant les itinéraires énergivores ou inutiles.\n",
    "- __Meilleure gestion des ressources logistiques__ : grâce à une planification plus intelligente des tournées.\n",
    "- __Adaptation à des contraintes terrain__ : telles que des horaires de livraison ou des routes temporairement impraticables.\n",
    "- __Apport technologique__ : démonstration de la faisabilité d’un algorithme robuste, capable de gérer des cas réalistes et contraints.\n",
    "\n",
    "</br>\n",
    "\n",
    "---\n",
    "\n",
    "### <u>Objectifs</u>\n",
    "\n",
    "L’objectif de ce projet est de développer et résoudre un problème d’optimisation inspiré du problème du voyageur de commerce (TSP), adapté au contexte réel de mobilité multimodale intelligente, avec des contraintes spécifiques. Ce projet vise à optimiser les tournées de livraison tout en réduisant les déplacements et la consommation des véhicules.\n",
    "\n",
    "Les objectifs du projet sont les suivants :\n",
    "\n",
    "1. **Modélisation et formulation mathématique** : Proposer une représentation rigoureuse du problème, incluant les contraintes spécifiques (fenêtres temporelles, restrictions sur les arêtes, etc.), ainsi qu’une définition précise de l’objectif à optimiser.\n",
    "\n",
    "2. **Analyse de la complexité et vérification des solutions** : Identifier la classe de complexité du problème et démontrer que, bien que la résolution exacte soit difficile en temps polynomial, la vérification d'une solution reste faisable efficacement.\n",
    "\n",
    "3. **Développement et implémentation de solutions** : Concevoir et implémenter des algorithmes d’optimisation ou des heuristiques, tester ces solutions sur des instances générées aléatoirement et évaluer leur efficacité.\n",
    "\n",
    "4. **Validation expérimentale et impact environnemental** : Tester les méthodes de résolution sur des scénarios réels, analyser les résultats obtenus et évaluer l’impact des solutions sur la réduction des émissions et la consommation d’énergie liées aux tournées de livraison.\n",
    "\n",
    "\n"
   ]
  },
  {
   "cell_type": "markdown",
   "id": "1c231766",
   "metadata": {},
   "source": [
    "## <u>2. MODELISATION</u>\n",
    "\n",
    "\n",
    "### <u>Choix des contraintes</u>\n",
    "\n",
    "Dans le cadre de ce projet, nous avons choisi deux contraintes réalistes et pertinentes qui reflètent mieux les défis logistiques rencontrés dans des situations réelles de transport :\n",
    "\n",
    "- **Fenêtres temporelles (Time Windows)** : Les fenêtres temporelles correspondent aux plages horaires spécifiques durant lesquelles chaque ville ou point de livraison doit être visité. Par exemple, une ville pourrait être disponible pour une livraison uniquement entre 8 h et 10 h. Ce type de contrainte est couramment rencontré dans les opérations de livraison où les horaires de réception ou d’ouverture sont strictement définis. L’ajout de cette contrainte permet de modéliser plus fidèlement la réalité des tournées de livraison.\n",
    "\n",
    "- **Coûts ou restrictions sur certaines arêtes** : Certaines routes du réseau peuvent être soumises à des coûts supplémentaires, soit en raison de péages, de fermetures temporaires (travaux), de restrictions d’accès, ou de leur impact environnemental élevé. Ces restrictions peuvent également refléter des critères de sécurité, des conditions météorologiques, ou des contraintes liées à la capacité du véhicule. L’intégration de cette contrainte permet d’éviter la prise en compte de trajets non viables et de modéliser des scénarios de transport plus réalistes.\n",
    "\n",
    "L’introduction de ces deux contraintes rend le problème d’optimisation plus complexe, mais elle le rend également beaucoup plus pertinent pour les applications réelles .\n",
    "\n",
    "</br>\n",
    "\n",
    "---\n",
    "\n",
    "### <u>Représentation du problème</u>\n",
    "\n",
    "Le problème de tournée peut être modélisé par un graphe, où :\n",
    "\n",
    "- Les **nœuds** représentent les **villes** ou les **points de livraison** (par exemple : les entrepôts ou les zones de dépôt).\n",
    "- **Les arêtes** représentent les routes entre ces nœuds. Chaque arête (*u*, *v*) est associée à un **poids**, qui dans ce cas représente la **distance en kilomètres** nécessaire pour se rendre de *u* à *v*.\n",
    "\n",
    "Ce modèle permet de formaliser facilement le trajet à optimiser, et d’y intégrer des contraintes supplémentaires (fenêtres temporelles, routes interdites). Il est donc parfaitement adapté pour représenter les problèmes de logistique et de transport.\n",
    "\n",
    "</br>\n",
    "\n",
    "---\n"
   ]
  },
  {
   "cell_type": "markdown",
   "id": "d9c95540",
   "metadata": {},
   "source": [
    "\n",
    "\n",
    "### <u>Cycle Hamiltonien — Preuve de NP-Complétude</u>\n",
    "\n",
    "Si l’on suppose que **Chemin Hamiltonien** est **NP-Complet**, on veut montrer que **Cycle Hamiltonien** l’est aussi.\n",
    "\n",
    "### Définition du problème\n",
    "\n",
    "Le problème **Cycle Hamiltonien** est défini comme suit :\n",
    "\n",
    "- **Entrée** : graphe non orienté G = (V, E)\n",
    "- **Question** :  \n",
    "  Existe-t-il un **cycle Hamiltonien** dans G, c’est-à-dire une séquence simple de sommets qui commence et se termine au même sommet, et qui visite exactement une fois chaque sommet du graphe ?\n",
    "\n",
    "On va prouver que ce problème est **NP-Complet**.\n",
    "\n",
    "### Vérification en NP\n",
    "\n",
    "Une solution est une séquence de sommets formant un cycle passant une seule fois par chaque sommet.  \n",
    "La vérification se fait en temps polynomial.  \n",
    "**Donc :** Cycle Hamiltonien ∈ NP.\n",
    "\n",
    "### Réduction\n",
    "\n",
    "On transforme une instance (G, u, v) de **Chemin Hamiltonien** en une instance G' de **Cycle Hamiltonien** comme suit :\n",
    "\n",
    "- Ajout de **deux nouveaux sommets** \\( s \\) et \\( t \\)\n",
    "- Ajout de deux **arêtes** (s, u) et (t, v)\n",
    "- Le graphe G' contient un **cycle Hamiltonien** ⟺ G contient un **chemin Hamiltonien** entre \\( u \\) et \\( v \\)\n",
    "\n",
    "Donc en conclusion, la réduction est polynomiale et que **Chemin Hamiltonien est NP-Complet**,  \n",
    "**donc Cycle Hamiltonien est aussi NP-Complet.**\n",
    "\n",
    "\n",
    "</br>\n",
    "\n",
    "---\n",
    "\n",
    "### <u>Réduction de Cycle Hamiltonien à TSP</u>\n",
    "\n",
    "### Définition d’un TSP (décisionnel)\n",
    "\n",
    "- **Entrée** : un graphe complet pondéré G = (V, E) avec une fonction de coût c : E &rarr; $\\mathbb{R}^+$ et un seuil K\n",
    "- **Question** : Existe-t-il un cycle passant une fois par chaque sommet, de coût total $\\leq K$ ?\n",
    "\n",
    "### Réduction\n",
    "\n",
    "À partir d’une instance du problème **Cycle Hamiltonien**, on construit une instance **TSP** :\n",
    "\n",
    "- À partir de G = (V, E), un graphe non orienté **sans poids**.- On construit un graphe **complet** G' = (V, E'), où :\n",
    "  - Si (u,v) $\\in E$ (c’est une arête de G), alors c(u,v) = 1\n",
    "  - Sinon c(u,v) = 2 (coût élevé pour décourager de choisir l’arête)\n",
    "\n",
    "- On fixe K = |V|\n",
    "\n",
    "Donc, si G possède un **cycle Hamiltonien**, on suit ce cycle en prenant que des arêtes de **coût 1**, donc le **coût total** est :\n",
    "\\[\n",
    "$|V| \\times 1 = |V|$\n",
    "\\]\n",
    "\n",
    "Et si G' admet une tournée de **coût total ≤ |V|**, alors forcément toutes les arêtes utilisées sont de **coût 1** (sinon on dépasse), donc elles correspondent aux arêtes originales de \\( G \\), donc il existe un **cycle Hamiltonien dans G**.\n",
    "\n",
    "**Conclusion** :  \n",
    "G a un cycle Hamiltonien ⟺ G' admet un tour de coût total $\\leq K$\n",
    "\n",
    "**Donc, TSP est aussi NP-Complet.**\n",
    "\n",
    "<br>\n",
    "\n",
    "---\n"
   ]
  },
  {
   "cell_type": "markdown",
   "id": "34b420f9",
   "metadata": {},
   "source": [
    "### <u>Réduction de TSP à TSP sans passage unique (non retenu)</u>\n",
    "\n",
    "**Entrée** : un graphe pondéré $G = (V, E)$ orienté ou non orienté,  \n",
    "une fonction de coût $c : E \\to \\mathbb{R}^+$,  \n",
    "et un seuil $K \\in \\mathbb{R}^+$.\n",
    "\n",
    "**Question** : Existe-t-il un cycle dans $G$ autorisant plusieurs passages par un sommet,  \n",
    "qui visite au moins une fois chaque sommet avec un coût total inférieur ou égal à $K$ ?\n",
    "\n",
    "\n",
    "\n",
    "### Vérification en NP\n",
    "\n",
    "Une solution est un cycle qui visite au moins une fois chaque sommet avec un coût total inférieur ou égal à $K$.  \n",
    "La vérification peut être faite en temps polynomial.\n",
    "\n",
    "Donc, **TSP sans passage unique** appartient à **NP**.\n",
    "\n",
    "\n",
    "\n",
    "### Réduction\n",
    "\n",
    "Nous effectuons une réduction polynomiale depuis **TSP classique**.\n",
    "\n",
    "On se ramène d'une instance de TSP classique :\n",
    "\n",
    "- Graphe $G = (V, E)$ incomplet\n",
    "- Coût $c : E \\to \\mathbb{R}^+$\n",
    "- Seuil $K$\n",
    "\n",
    "Cependant, pour garantir que passer plusieurs fois par un sommet ou utiliser des arêtes inexistantes ne soit pas avantageux, on modifie légèrement l'instance :\n",
    "\n",
    "- **Complétion** : on construit un graphe complet $G' = (V, E')$, en ajoutant toutes les arêtes manquantes.\n",
    "- **Définition des coûts** :\n",
    "  - Si $(u,v) \\in E$, alors $c'(u,v) = c(u,v)$.\n",
    "  - Sinon, pour $(u,v) \\notin E$, on définit $c'(u,v) = M$ où $M$ est une très grande valeur (par exemple $M = \\sum_{(u,v) \\in E} c(u,v) + 1$).\n",
    "\n",
    "  L'idée est que les arêtes ajoutées soient trop coûteuses pour être utilisées sans dépasser $K$.\n",
    "\n",
    "Donc, si l'instance de TSP classique admet un cycle hamiltonien de coût $\\leq K$,  \n",
    "alors elle sera aussi une solution pour **TSP sans passage unique** avec coût $\\leq K$ (le même cycle sans répétitions).\n",
    "\n",
    "Si l'instance de TSP sans passage unique admet une solution de coût $\\leq K$,  \n",
    "alors cette solution doit forcément **ne pas** se répéter de sommet, sinon :\n",
    "\n",
    "On utilise des arêtes de coût élevé $M$ (donc on dépasse le coût $k$)\n",
    "\n",
    "\n",
    "\n",
    "\n",
    "### Conlusion\n",
    "\n",
    "Donc, par réduction polynomiale depuis **TSP** :\n",
    "\n",
    "On en déduit que **TSP sans passage unique** est aussi **NP-complet**.\n",
    "\n",
    "<br>\n",
    "\n",
    "---\n",
    "\n",
    " \n",
    "\n",
    "\n"
   ]
  },
  {
   "cell_type": "markdown",
   "id": "5aecf26e",
   "metadata": {},
   "source": [
    "### Réduction polynomiale vers le TSP avec contraintes supplémentaires\n",
    "\n",
    "### <u>Du TSP classique vers le TSP avec fenêtres temporelles (TSP-TW)</u>\n",
    "\n",
    "#### Contexte\n",
    "\n",
    "On considère une instance \\( I \\) du **problème du voyageur de commerce avec fenêtres temporelles** (TSP-TW), et une solution candidate \\( SCH \\), représentant une tournée passant par tous les sommets et revenant à son point de départ.\n",
    "\n",
    "#### Vérificateur en temps polynomial\n",
    "\n",
    "L’algorithme de vérification se fait en deux étapes :\n",
    "\n",
    "1. **Validité de la tournée**  \n",
    "   Pour chaque paire de sommets successifs dans \\( SCH \\), on vérifie qu’il existe une arête correspondante dans le graphe \\( G \\).  \n",
    "   Complexité : O(n)\n",
    "\n",
    "2. **Respect des fenêtres temporelles**  \n",
    "   En parcourant la tournée dans l’ordre, on vérifie que chaque sommet est visité à un instant inclus dans sa fenêtre temporelle autorisée.  \n",
    "   Complexité : O(n)\n",
    "\n",
    "Complexité totale : O(n)\n",
    "\n",
    "#### Hypothèses sur les structures de données\n",
    "\n",
    "- L’existence d’une arête entre deux sommets peut être vérifiée en temps constant O(1), grâce à une matrice d’adjacence ou un dictionnaire.\n",
    "- Les données de fenêtres temporelles sont stockées dans une structure permettant un accès direct en O(1).\n",
    "- Le parcours de SCH se fait en O(n), où (n) est le nombre de sommets.\n",
    "\n",
    "#### Cas particuliers\n",
    "\n",
    "Il suffit de considérer des fenêtres temporelles suffisamment larges pour qu’elles n’imposent aucune contrainte  [0, +∞[. </br>\n",
    "Le TSP-TW devient alors équivalent au TSP classique.\n",
    "\n",
    "\n",
    "#### Conclusion\n",
    "\n",
    "Nous avons montré que le problème du TSP- TW admet un vérificateur en temps polynomial. Il appartient donc à la classe NP.\n",
    "\n",
    "Par ailleurs, le problème du TSP classique, qui est NP-complet, est un cas particulier du TSP-TW.\n",
    "Il existe donc une réduction polynomiale du TSP classique vers le TSP-TW.\n",
    "Nous pouvons dire que si nous trouvons une solution pour le problème du TSP nous trouvons également une solution pour notre problème TSP-TW. \n",
    "\n",
    "On peut conclure que le TSP-TW est NP-complet.\n",
    "\n",
    "</br>\n",
    "\n",
    "---\n",
    "\n",
    "### <u>Du TSP-TW vers le TSP avec restrictions d'arêtes et coûts variables (TSP-TW-AR)</u>\n",
    "\n",
    "#### Contexte\n",
    "\n",
    "On considère maintenant une instance \\( I \\) du **TSP avec fenêtres temporelles et contraintes d’arêtes** (TSP-TW-AR), ainsi qu’une tournée \\( SCH \\).\n",
    "\n",
    "#### Vérificateur en temps polynomial\n",
    "\n",
    "1. **Validité des arêtes**  \n",
    "   On vérifie que chaque transition dans \\( SCH \\) utilise une arête autorisée, c’est-à-dire qui n’est pas restreinte ou bloquée.<br>\n",
    "   Complexité : O(n)\n",
    "\n",
    "2. **Respect des fenêtres temporelles**  \n",
    "   On vérifie que chaque sommet est visité à un instant autorisé par sa fenêtre temporelle.<br>\n",
    "   Complexité : O(n)\n",
    "\n",
    "3. **Calcul du coût total**  \n",
    "   On additionne les coûts associés aux arêtes empruntées pour calculer le coût global de la tournée.<br>\n",
    "   Complexité : O(n)\n",
    "\n",
    "Complexité totale : O(n)\n",
    "\n",
    "#### Hypothèses sur les structures de données\n",
    "\n",
    "\n",
    "- Utilisation d’une matrice ou d’un dictionnaire pour accéder en O(n) à la validité et au coût des arêtes.\n",
    "- Les fenêtres temporelles sont également consultables en temps constant O(1).\n",
    "\n",
    "#### Cas particuliers\n",
    "\n",
    "- Si toutes les arêtes sont autorisées et de coût identique (par exemple, coût = 1 partout), alors la contrainte d’arêtes ne modifie pas le problème par rapport au TSP-TW.\n",
    "- Le problème devient alors équivalent au TSP-TW.\n",
    "\n",
    "#### Conclusion\n",
    "\n",
    "Nous avons montré que le problème du TSP-TW et restrictions sur les arêtes admet un vérificateur en temps polynomial. Il appartient donc à la classe NP.\n",
    "\n",
    "Par ailleurs, le TSP-TW (déjà montré NP-complet) est un cas particulier du problème que nous considérons ici (il suffit de considérer des coûts identiques et des arêtes non restreintes). <br>\n",
    "Comme le cas précédent, si nous trouvons une solution pour le TSP-TW nous trouvons également une solution pour notre TSP-TW-AR.\n",
    "<br>\n",
    "Il existe donc une réduction polynomiale du TSP-TW vers notre problème, ce qui prouve que notre problème est également NP-complet.\n",
    "\n",
    "<br>\n",
    "\n",
    "---\n",
    "\n"
   ]
  },
  {
   "cell_type": "markdown",
   "id": "3670bb54",
   "metadata": {},
   "source": [
    "### <u>Modélisation mathématiques</u>\n",
    "\n",
    "#### Données de notre problème :\n",
    "- Soit un nombre de villes : $V = \\{ 1, 2, \\dots, m \\}$\n",
    "- i : ville de départ\n",
    "- j : ville d'arrivée\n",
    "- Coût entre deux villes i et j : $d_{ij} \\in R^+$\n",
    "- On suppose que $d_{ii} = 0$ (pas de boucle sur elle même)\n",
    "- $D_{tot}$ : distance totale\n",
    "- a : borne inférieure de la fenêtre temporelle\n",
    "- b : borne supérieur de la fenêtre temporelle\n",
    "- __Variables binaires de décision__ : $x_{ij} \\in \\{0,1\\}$ (1 si on va de i à j sinon 0)\n",
    "\n",
    "\n",
    "#### Fonction objectif :\n",
    "Notre but est de minimiser la distance totale de la tournée, on a : <br><br>\n",
    "Min Z($D_{tot}$) $ = \\sum_{i=1}^{n} \\sum_{j=1}^{n} d_{ij} \\, x_{ij}$\n",
    "\n",
    "- On compose une double somme pour énumerer tous les couples de villes (i,j) où i $\\neq$ j\n",
    "- Pour chaque couple (i,j), on multiplie la distance $d_{ij}$ par la variable $x_{ij}$\n",
    "- Comme dit dans les variables de décisions, si $x_{ij}$ = 1, alors on passe de la ville i à la ville j. On peut donc compter le coût $d_{ij}$ dans la somme totale. Sinon $d_{ij}$ est multiplié par 0 et la distance est ignoré.\n",
    "\n",
    "#### Contraintes :\n",
    "- Chaque ville est quitté une fois : $\\sum_{j=1}^{n} x_{ij} = 1 \\quad \\forall i \\in V$\n",
    "- Chaque ville est atteinte une fois : $\\sum_{\\substack{j=1 \\\\ j \\neq i}}^{n} x_{ji} = 1 \\quad \\forall i \\in V$\n",
    "- Chaque ville doit être atteinte dans sa fenêtre de temps : <br>\n",
    "$t_{départ} = 0$ <br>\n",
    "$ \\forall (i,j), \\quad t_j \\geq t_i + x_{ij} d_{ij} $ <br>\n",
    "$ \\forall i, \\quad a_i \\leq t_i \\leq b_i $\n",
    "\n",
    "\n",
    "\n",
    "\n",
    "\n",
    "\n",
    "\n",
    "\n",
    "\n"
   ]
  },
  {
   "cell_type": "markdown",
   "id": "69112654",
   "metadata": {},
   "source": [
    "# PARTIE 2 : IMPLEMENTATION ET EXPLOITATION\n",
    "\n",
    "## Génération aléatoire d'instance\n",
    "\n",
    "Afin de réaliser des études statistiques sur les performances de notre modèle, nous devons générer aléatoirement des instances de graphes représentant différents scénarios de tournées.\n"
   ]
  },
  {
   "cell_type": "code",
   "execution_count": 636,
   "id": "7004445b",
   "metadata": {},
   "outputs": [],
   "source": [
    "import random\n",
    "\n",
    "def genererInstance(nbSommet):\n",
    "    \"\"\"\n",
    "    Génération d'une instance de matrice. Complexité : O(n**2)\n",
    "\n",
    "    Args:\n",
    "        nbSommet (int): Le nombre de sommet que l'on souhaite dans la matrice\n",
    "\n",
    "    Returns:\n",
    "        list[list[int]]: matrice representant un graphe\n",
    "    \"\"\"\n",
    "    matrice = [[0] * nbSommet for _ in range(nbSommet)]  # Initialisation de la matrice avec des sous-listes vides\n",
    "    for i in range(nbSommet):\n",
    "        for j in range(nbSommet):\n",
    "            if j == i:\n",
    "                matrice[i][j] = matrice[j][i] = 0 #diagonale de 0\n",
    "            else:\n",
    "                matrice[i][j] = matrice[j][i] = random.randint(1,40) #on estime que le temps maximal entre deux villes est de 40 minutes\n",
    "    return(matrice)\n",
    "\n",
    "def genererFenetreTemporelles(nbsommet, tempMinimal=3, tempMaximal=8):\n",
    "    \"\"\"\n",
    "    Génération de fenêtre temporelles. Complexité : O(n)\n",
    "\n",
    "    Args:\n",
    "        nbSommet (int): Le nombre de sommet que l'on souhaite dans la matrice\n",
    "        tempMinimal (int): limite minimal de la durée d'une fenêtre temporelle\n",
    "        tempMaximal (int): limite maximal de la durée d'une fenêtre temporelle\n",
    "\n",
    "    Returns:\n",
    "        dict(key, value): \n",
    "            - key: instance d'une ville\n",
    "            - value : tuple(début de la fenetre temporelle, fin de la fenetre temporelle)\n",
    "    \"\"\"\n",
    "    dictTW = {0: (0,24)}    #ville 0 = au dépot donc ouvert 24/24\n",
    "    for i in range(1,nbsommet):\n",
    "        debut = random.randint(0,24 - tempMaximal)\n",
    "        intervallePassage = random.randint(tempMinimal,tempMaximal)\n",
    "        fin =  24 if debut + intervallePassage > 24 else debut + intervallePassage # si la fin est supérieur à 24h alors la fin = 24\n",
    "        dictTW[i] = (debut,fin)\n",
    "    return dictTW"
   ]
  },
  {
   "cell_type": "markdown",
   "id": "022f2c70",
   "metadata": {},
   "source": [
    "## Génération des listes de tests\n",
    "\n",
    "Afin de comparer les performances des algorithmes de manière équitable, il est important de les faire travailler sur les mêmes données.\n",
    "Pour cela, nous générons à l'avance des listes de tests fixes. En fixant une graine (seed) pour le générateur de nombres aléatoires, nous nous assurons que les instances créées (matrices de distances et fenêtres temporelles) restent identiques à chaque exécution."
   ]
  },
  {
   "cell_type": "code",
   "execution_count": 5,
   "id": "5ed5e03f",
   "metadata": {},
   "outputs": [
    {
     "name": "stdout",
     "output_type": "stream",
     "text": [
      "[([[0, 39, 27, 29, 36], [39, 0, 30, 34, 29], [27, 30, 0, 21, 10], [29, 34, 21, 0, 27], [36, 29, 10, 27, 0]], {0: (0, 24), 1: (12, 15), 2: (13, 18), 3: (4, 8), 4: (4, 9)}), ([[0, 7, 17, 5, 10], [7, 0, 39, 7, 16], [17, 39, 0, 14, 16], [5, 7, 14, 0, 18], [10, 16, 16, 18, 0]], {0: (0, 24), 1: (4, 10), 2: (2, 10), 3: (10, 18), 4: (8, 15)}), ([[0, 6, 18, 13, 26], [6, 0, 10, 18, 14], [18, 10, 0, 35, 18], [13, 18, 35, 0, 27], [26, 14, 18, 27, 0]], {0: (0, 24), 1: (15, 21), 2: (8, 16), 3: (2, 9), 4: (11, 19)}), ([[0, 6, 8, 2, 40], [6, 0, 24, 26, 17], [8, 24, 0, 25, 29], [2, 26, 25, 0, 10], [40, 17, 29, 10, 0]], {0: (0, 24), 1: (1, 6), 2: (3, 10), 3: (16, 19), 4: (15, 21)}), ([[0, 22, 11, 30, 38], [22, 0, 36, 9, 35], [11, 36, 0, 35, 22], [30, 9, 35, 0, 8], [38, 35, 22, 8, 0]], {0: (0, 24), 1: (12, 18), 2: (16, 21), 3: (15, 19), 4: (1, 5)})]\n",
      "[([[0, 14, 37, 20, 11, 25, 23, 18, 2, 19], [14, 0, 24, 25, 3, 21, 24, 15, 11, 8], [37, 24, 0, 17, 10, 20, 11, 22, 17, 10], [20, 25, 17, 0, 22, 5, 32, 10, 2, 37], [11, 3, 10, 22, 0, 26, 29, 7, 7, 28], [25, 21, 20, 5, 26, 0, 19, 24, 6, 7], [23, 24, 11, 32, 29, 19, 0, 30, 13, 7], [18, 15, 22, 10, 7, 24, 30, 0, 12, 30], [2, 11, 17, 2, 7, 6, 13, 12, 0, 23], [19, 8, 10, 37, 28, 7, 7, 30, 23, 0]], {0: (0, 24), 1: (16, 20), 2: (7, 14), 3: (9, 14), 4: (5, 10), 5: (16, 19), 6: (14, 18), 7: (7, 12), 8: (14, 20), 9: (8, 15)}), ([[0, 36, 24, 35, 40, 18, 5, 27, 19, 13], [36, 0, 3, 40, 17, 6, 23, 13, 23, 11], [24, 3, 0, 7, 29, 33, 6, 23, 35, 2], [35, 40, 7, 0, 14, 27, 2, 35, 17, 18], [40, 17, 29, 14, 0, 24, 33, 11, 6, 8], [18, 6, 33, 27, 24, 0, 39, 26, 4, 31], [5, 23, 6, 2, 33, 39, 0, 8, 15, 29], [27, 13, 23, 35, 11, 26, 8, 0, 20, 20], [19, 23, 35, 17, 6, 4, 15, 20, 0, 28], [13, 11, 2, 18, 8, 31, 29, 20, 28, 0]], {0: (0, 24), 1: (16, 21), 2: (7, 15), 3: (7, 15), 4: (12, 20), 5: (4, 10), 6: (11, 16), 7: (13, 18), 8: (0, 6), 9: (13, 20)}), ([[0, 37, 12, 1, 34, 33, 33, 14, 2, 27], [37, 0, 38, 7, 36, 16, 12, 34, 26, 40], [12, 38, 0, 14, 24, 10, 15, 19, 13, 39], [1, 7, 14, 0, 25, 39, 40, 4, 26, 26], [34, 36, 24, 25, 0, 38, 4, 13, 13, 22], [33, 16, 10, 39, 38, 0, 39, 21, 31, 16], [33, 12, 15, 40, 4, 39, 0, 36, 33, 27], [14, 34, 19, 4, 13, 21, 36, 0, 28, 21], [2, 26, 13, 26, 13, 31, 33, 28, 0, 4], [27, 40, 39, 26, 22, 16, 27, 21, 4, 0]], {0: (0, 24), 1: (2, 8), 2: (14, 18), 3: (14, 18), 4: (11, 14), 5: (4, 11), 6: (5, 11), 7: (2, 9), 8: (12, 18), 9: (16, 21)}), ([[0, 23, 34, 27, 39, 39, 6, 39, 20, 38], [23, 0, 27, 25, 40, 10, 36, 2, 26, 23], [34, 27, 0, 37, 22, 39, 2, 17, 18, 2], [27, 25, 37, 0, 5, 30, 32, 14, 31, 19], [39, 40, 22, 5, 0, 36, 3, 7, 31, 17], [39, 10, 39, 30, 36, 0, 17, 24, 17, 32], [6, 36, 2, 32, 3, 17, 0, 7, 5, 12], [39, 2, 17, 14, 7, 24, 7, 0, 17, 40], [20, 26, 18, 31, 31, 17, 5, 17, 0, 26], [38, 23, 2, 19, 17, 32, 12, 40, 26, 0]], {0: (0, 24), 1: (1, 5), 2: (13, 18), 3: (0, 6), 4: (13, 19), 5: (15, 22), 6: (1, 6), 7: (14, 20), 8: (13, 21), 9: (12, 17)}), ([[0, 10, 6, 28, 34, 18, 25, 12, 10, 13], [10, 0, 6, 5, 27, 39, 35, 27, 15, 32], [6, 6, 0, 28, 19, 40, 5, 14, 11, 13], [28, 5, 28, 0, 15, 20, 3, 36, 12, 33], [34, 27, 19, 15, 0, 19, 27, 23, 1, 17], [18, 39, 40, 20, 19, 0, 14, 14, 34, 30], [25, 35, 5, 3, 27, 14, 0, 39, 6, 22], [12, 27, 14, 36, 23, 14, 39, 0, 4, 31], [10, 15, 11, 12, 1, 34, 6, 4, 0, 16], [13, 32, 13, 33, 17, 30, 22, 31, 16, 0]], {0: (0, 24), 1: (12, 16), 2: (10, 16), 3: (11, 19), 4: (0, 8), 5: (14, 18), 6: (5, 10), 7: (8, 11), 8: (13, 17), 9: (14, 21)})]\n",
      "[([[0, 12, 11, 27, 18, 21, 34, 14, 25, 5, 17, 29, 29, 38, 7], [12, 0, 20, 21, 22, 19, 12, 12, 9, 6, 26, 26, 21, 37, 4], [11, 20, 0, 20, 39, 22, 15, 7, 26, 37, 32, 20, 29, 23, 1], [27, 21, 20, 0, 38, 21, 37, 36, 8, 2, 9, 21, 33, 6, 12], [18, 22, 39, 38, 0, 16, 29, 36, 36, 13, 31, 2, 32, 30, 28], [21, 19, 22, 21, 16, 0, 24, 23, 34, 7, 18, 40, 6, 13, 18], [34, 12, 15, 37, 29, 24, 0, 7, 36, 29, 37, 12, 14, 3, 5], [14, 12, 7, 36, 36, 23, 7, 0, 37, 8, 18, 14, 19, 8, 16], [25, 9, 26, 8, 36, 34, 36, 37, 0, 5, 15, 17, 22, 6, 19], [5, 6, 37, 2, 13, 7, 29, 8, 5, 0, 16, 13, 9, 17, 34], [17, 26, 32, 9, 31, 18, 37, 18, 15, 16, 0, 19, 36, 11, 26], [29, 26, 20, 21, 2, 40, 12, 14, 17, 13, 19, 0, 5, 5, 1], [29, 21, 29, 33, 32, 6, 14, 19, 22, 9, 36, 5, 0, 26, 24], [38, 37, 23, 6, 30, 13, 3, 8, 6, 17, 11, 5, 26, 0, 1], [7, 4, 1, 12, 28, 18, 5, 16, 19, 34, 26, 1, 24, 1, 0]], {0: (0, 24), 1: (5, 8), 2: (12, 17), 3: (1, 9), 4: (14, 20), 5: (13, 18), 6: (13, 18), 7: (16, 21), 8: (15, 18), 9: (8, 15), 10: (0, 5), 11: (12, 18), 12: (1, 5), 13: (1, 5), 14: (12, 20)}), ([[0, 16, 27, 33, 32, 27, 32, 35, 13, 20, 23, 1, 17, 2, 18], [16, 0, 9, 13, 23, 28, 3, 28, 11, 1, 13, 12, 22, 32, 24], [27, 9, 0, 8, 5, 28, 5, 23, 29, 39, 35, 29, 28, 26, 24], [33, 13, 8, 0, 10, 29, 18, 8, 18, 30, 32, 22, 14, 24, 30], [32, 23, 5, 10, 0, 35, 32, 34, 29, 35, 38, 18, 16, 30, 21], [27, 28, 28, 29, 35, 0, 14, 17, 13, 37, 6, 11, 28, 31, 10], [32, 3, 5, 18, 32, 14, 0, 20, 13, 33, 32, 28, 23, 10, 34], [35, 28, 23, 8, 34, 17, 20, 0, 34, 38, 15, 36, 9, 37, 2], [13, 11, 29, 18, 29, 13, 13, 34, 0, 7, 38, 10, 14, 4, 2], [20, 1, 39, 30, 35, 37, 33, 38, 7, 0, 22, 18, 37, 32, 24], [23, 13, 35, 32, 38, 6, 32, 15, 38, 22, 0, 8, 17, 16, 22], [1, 12, 29, 22, 18, 11, 28, 36, 10, 18, 8, 0, 34, 4, 32], [17, 22, 28, 14, 16, 28, 23, 9, 14, 37, 17, 34, 0, 39, 1], [2, 32, 26, 24, 30, 31, 10, 37, 4, 32, 16, 4, 39, 0, 6], [18, 24, 24, 30, 21, 10, 34, 2, 2, 24, 22, 32, 1, 6, 0]], {0: (0, 24), 1: (3, 7), 2: (7, 11), 3: (4, 12), 4: (0, 6), 5: (4, 8), 6: (14, 18), 7: (4, 11), 8: (12, 17), 9: (6, 9), 10: (3, 6), 11: (9, 13), 12: (5, 10), 13: (11, 14), 14: (8, 13)}), ([[0, 29, 22, 36, 14, 20, 40, 12, 29, 19, 3, 8, 28, 11, 28], [29, 0, 3, 36, 15, 19, 29, 15, 13, 25, 10, 32, 38, 39, 40], [22, 3, 0, 31, 16, 24, 19, 32, 32, 20, 26, 29, 19, 24, 33], [36, 36, 31, 0, 22, 36, 21, 29, 23, 40, 4, 6, 2, 26, 33], [14, 15, 16, 22, 0, 6, 8, 32, 6, 21, 39, 35, 13, 15, 37], [20, 19, 24, 36, 6, 0, 35, 19, 16, 36, 39, 21, 37, 27, 4], [40, 29, 19, 21, 8, 35, 0, 30, 23, 21, 12, 23, 30, 37, 23], [12, 15, 32, 29, 32, 19, 30, 0, 37, 7, 25, 14, 11, 35, 30], [29, 13, 32, 23, 6, 16, 23, 37, 0, 4, 38, 20, 29, 5, 27], [19, 25, 20, 40, 21, 36, 21, 7, 4, 0, 7, 10, 13, 38, 5], [3, 10, 26, 4, 39, 39, 12, 25, 38, 7, 0, 9, 21, 5, 38], [8, 32, 29, 6, 35, 21, 23, 14, 20, 10, 9, 0, 35, 4, 32], [28, 38, 19, 2, 13, 37, 30, 11, 29, 13, 21, 35, 0, 36, 10], [11, 39, 24, 26, 15, 27, 37, 35, 5, 38, 5, 4, 36, 0, 40], [28, 40, 33, 33, 37, 4, 23, 30, 27, 5, 38, 32, 10, 40, 0]], {0: (0, 24), 1: (9, 17), 2: (7, 11), 3: (2, 9), 4: (1, 7), 5: (8, 11), 6: (5, 13), 7: (12, 19), 8: (10, 14), 9: (14, 18), 10: (14, 18), 11: (13, 18), 12: (0, 3), 13: (1, 5), 14: (6, 10)}), ([[0, 11, 26, 3, 24, 24, 13, 7, 18, 5, 5, 1, 13, 37, 27], [11, 0, 40, 25, 3, 9, 21, 24, 21, 40, 30, 3, 16, 24, 3], [26, 40, 0, 30, 20, 25, 13, 1, 4, 19, 36, 13, 12, 24, 35], [3, 25, 30, 0, 1, 6, 31, 13, 1, 23, 36, 35, 24, 34, 25], [24, 3, 20, 1, 0, 40, 21, 10, 19, 16, 13, 20, 17, 35, 34], [24, 9, 25, 6, 40, 0, 40, 31, 16, 16, 32, 17, 17, 6, 34], [13, 21, 13, 31, 21, 40, 0, 16, 3, 30, 21, 25, 23, 26, 24], [7, 24, 1, 13, 10, 31, 16, 0, 25, 39, 26, 27, 8, 7, 25], [18, 21, 4, 1, 19, 16, 3, 25, 0, 31, 20, 35, 11, 31, 22], [5, 40, 19, 23, 16, 16, 30, 39, 31, 0, 14, 7, 22, 15, 26], [5, 30, 36, 36, 13, 32, 21, 26, 20, 14, 0, 18, 10, 4, 29], [1, 3, 13, 35, 20, 17, 25, 27, 35, 7, 18, 0, 40, 25, 32], [13, 16, 12, 24, 17, 17, 23, 8, 11, 22, 10, 40, 0, 15, 36], [37, 24, 24, 34, 35, 6, 26, 7, 31, 15, 4, 25, 15, 0, 26], [27, 3, 35, 25, 34, 34, 24, 25, 22, 26, 29, 32, 36, 26, 0]], {0: (0, 24), 1: (1, 8), 2: (8, 13), 3: (9, 13), 4: (10, 15), 5: (15, 21), 6: (9, 16), 7: (10, 16), 8: (5, 11), 9: (2, 5), 10: (15, 20), 11: (8, 13), 12: (5, 8), 13: (9, 14), 14: (4, 12)}), ([[0, 33, 22, 5, 17, 36, 23, 40, 1, 38, 16, 18, 37, 5, 15], [33, 0, 20, 3, 22, 9, 25, 19, 6, 12, 21, 34, 9, 32, 33], [22, 20, 0, 17, 32, 5, 5, 16, 21, 8, 24, 26, 26, 36, 24], [5, 3, 17, 0, 17, 22, 38, 32, 16, 21, 17, 25, 33, 32, 10], [17, 22, 32, 17, 0, 21, 2, 11, 10, 28, 25, 40, 26, 6, 19], [36, 9, 5, 22, 21, 0, 2, 35, 3, 4, 40, 28, 15, 1, 15], [23, 25, 5, 38, 2, 2, 0, 14, 20, 33, 21, 5, 20, 13, 22], [40, 19, 16, 32, 11, 35, 14, 0, 13, 7, 38, 24, 31, 33, 1], [1, 6, 21, 16, 10, 3, 20, 13, 0, 4, 25, 2, 18, 7, 28], [38, 12, 8, 21, 28, 4, 33, 7, 4, 0, 12, 40, 5, 37, 21], [16, 21, 24, 17, 25, 40, 21, 38, 25, 12, 0, 9, 18, 28, 23], [18, 34, 26, 25, 40, 28, 5, 24, 2, 40, 9, 0, 25, 25, 39], [37, 9, 26, 33, 26, 15, 20, 31, 18, 5, 18, 25, 0, 20, 21], [5, 32, 36, 32, 6, 1, 13, 33, 7, 37, 28, 25, 20, 0, 14], [15, 33, 24, 10, 19, 15, 22, 1, 28, 21, 23, 39, 21, 14, 0]], {0: (0, 24), 1: (12, 15), 2: (1, 7), 3: (6, 10), 4: (9, 12), 5: (2, 10), 6: (4, 10), 7: (13, 19), 8: (5, 9), 9: (12, 19), 10: (8, 12), 11: (3, 9), 12: (14, 17), 13: (1, 9), 14: (10, 18)})]\n",
